2022/03/29-19:45:04.539275 48ac RocksDB version: 5.9.2
2022/03/29-19:45:04.539333 48ac Git sha rocksdb_build_git_sha:@004237e62790320d8e630456cbeb6f4a1f3579c2@
2022/03/29-19:45:04.539348 48ac Compile date Jan  3 2018
2022/03/29-19:45:04.539365 48ac DB SUMMARY
2022/03/29-19:45:04.539778 48ac CURRENT file:  CURRENT
2022/03/29-19:45:04.539793 48ac IDENTITY file:  IDENTITY
2022/03/29-19:45:04.539819 48ac MANIFEST file:  MANIFEST-000092 size: 109 Bytes
2022/03/29-19:45:04.539838 48ac SST files in block-data/node2 dir, Total Num: 1, files: 000004.sst 
2022/03/29-19:45:04.539849 48ac Write Ahead Log file in block-data/node2: 000093.log size: 0 ; 
2022/03/29-19:45:04.539861 48ac                         Options.error_if_exists: 0
2022/03/29-19:45:04.539878 48ac                       Options.create_if_missing: 1
2022/03/29-19:45:04.540068 48ac                         Options.paranoid_checks: 1
2022/03/29-19:45:04.540076 48ac                                     Options.env: 0000020C62FD5950
2022/03/29-19:45:04.540081 48ac                                Options.info_log: 0000020C638D5600
2022/03/29-19:45:04.540084 48ac                Options.max_file_opening_threads: 16
2022/03/29-19:45:04.540088 48ac                              Options.statistics: 0000000000000000
2022/03/29-19:45:04.540092 48ac                               Options.use_fsync: 0
2022/03/29-19:45:04.540095 48ac                       Options.max_log_file_size: 0
2022/03/29-19:45:04.540099 48ac                  Options.max_manifest_file_size: 18446744073709551615
2022/03/29-19:45:04.540103 48ac                   Options.log_file_time_to_roll: 0
2022/03/29-19:45:04.540106 48ac                       Options.keep_log_file_num: 1000
2022/03/29-19:45:04.540110 48ac                    Options.recycle_log_file_num: 0
2022/03/29-19:45:04.540113 48ac                         Options.allow_fallocate: 1
2022/03/29-19:45:04.540117 48ac                        Options.allow_mmap_reads: 0
2022/03/29-19:45:04.540121 48ac                       Options.allow_mmap_writes: 0
2022/03/29-19:45:04.540124 48ac                        Options.use_direct_reads: 0
2022/03/29-19:45:04.540127 48ac                        Options.use_direct_io_for_flush_and_compaction: 0
2022/03/29-19:45:04.540131 48ac          Options.create_missing_column_families: 0
2022/03/29-19:45:04.540135 48ac                              Options.db_log_dir: 
2022/03/29-19:45:04.540138 48ac                                 Options.wal_dir: block-data/node2
2022/03/29-19:45:04.540142 48ac                Options.table_cache_numshardbits: 6
2022/03/29-19:45:04.540145 48ac                      Options.max_subcompactions: 1
2022/03/29-19:45:04.540149 48ac                  Options.max_background_flushes: -1
2022/03/29-19:45:04.540152 48ac                         Options.WAL_ttl_seconds: 0
2022/03/29-19:45:04.540156 48ac                       Options.WAL_size_limit_MB: 0
2022/03/29-19:45:04.540159 48ac             Options.manifest_preallocation_size: 4194304
2022/03/29-19:45:04.540163 48ac                     Options.is_fd_close_on_exec: 1
2022/03/29-19:45:04.540166 48ac                   Options.advise_random_on_open: 1
2022/03/29-19:45:04.540170 48ac                    Options.db_write_buffer_size: 0
2022/03/29-19:45:04.540173 48ac                    Options.write_buffer_manager: 0000020C638E21A0
2022/03/29-19:45:04.540177 48ac         Options.access_hint_on_compaction_start: 1
2022/03/29-19:45:04.540180 48ac  Options.new_table_reader_for_compaction_inputs: 0
2022/03/29-19:45:04.540184 48ac               Options.compaction_readahead_size: 0
2022/03/29-19:45:04.540187 48ac           Options.random_access_max_buffer_size: 1048576
2022/03/29-19:45:04.540191 48ac                      Options.use_adaptive_mutex: 0
2022/03/29-19:45:04.540194 48ac                            Options.rate_limiter: 0000000000000000
2022/03/29-19:45:04.540198 48ac     Options.sst_file_manager.rate_bytes_per_sec: 0
2022/03/29-19:45:04.540202 48ac                       Options.wal_recovery_mode: 2
2022/03/29-19:45:04.540205 48ac                  Options.enable_thread_tracking: 0
2022/03/29-19:45:04.540230 48ac                  Options.enable_pipelined_write: 0
2022/03/29-19:45:04.540236 48ac         Options.allow_concurrent_memtable_write: 1
2022/03/29-19:45:04.540239 48ac      Options.enable_write_thread_adaptive_yield: 1
2022/03/29-19:45:04.540243 48ac             Options.write_thread_max_yield_usec: 100
2022/03/29-19:45:04.540246 48ac            Options.write_thread_slow_yield_usec: 3
2022/03/29-19:45:04.540250 48ac                               Options.row_cache: None
2022/03/29-19:45:04.540253 48ac                              Options.wal_filter: None
2022/03/29-19:45:04.540257 48ac             Options.avoid_flush_during_recovery: 0
2022/03/29-19:45:04.540261 48ac             Options.allow_ingest_behind: 0
2022/03/29-19:45:04.540264 48ac             Options.preserve_deletes: 0
2022/03/29-19:45:04.540268 48ac             Options.concurrent_prepare: 0
2022/03/29-19:45:04.540271 48ac             Options.manual_wal_flush: 0
2022/03/29-19:45:04.540275 48ac             Options.seq_per_batch: 0
2022/03/29-19:45:04.540289 48ac             Options.max_background_jobs: 2
2022/03/29-19:45:04.540293 48ac             Options.max_background_compactions: -1
2022/03/29-19:45:04.540297 48ac             Options.avoid_flush_during_shutdown: 0
2022/03/29-19:45:04.540300 48ac           Options.writable_file_max_buffer_size: 1048576
2022/03/29-19:45:04.540304 48ac             Options.delayed_write_rate : 16777216
2022/03/29-19:45:04.540307 48ac             Options.max_total_wal_size: 0
2022/03/29-19:45:04.540310 48ac             Options.delete_obsolete_files_period_micros: 21600000000
2022/03/29-19:45:04.540314 48ac                   Options.stats_dump_period_sec: 600
2022/03/29-19:45:04.540317 48ac                          Options.max_open_files: -1
2022/03/29-19:45:04.540321 48ac                          Options.bytes_per_sync: 0
2022/03/29-19:45:04.540324 48ac                      Options.wal_bytes_per_sync: 0
2022/03/29-19:45:04.540328 48ac Compression algorithms supported:
2022/03/29-19:45:04.540337 48ac 	Snappy supported: 0
2022/03/29-19:45:04.540341 48ac 	Zlib supported: 0
2022/03/29-19:45:04.540344 48ac 	Bzip supported: 0
2022/03/29-19:45:04.540347 48ac 	LZ4 supported: 0
2022/03/29-19:45:04.540350 48ac 	ZSTDNotFinal supported: 0
2022/03/29-19:45:04.540354 48ac 	ZSTD supported: 0
2022/03/29-19:45:04.540361 48ac Fast CRC32 supported: Supported on x86Not supported on x86
2022/03/29-19:45:04.540612 48ac [c:\users\aretter\code\rocksdb\db\version_set.cc:2835] Recovering from manifest file: MANIFEST-000092
2022/03/29-19:45:04.540739 48ac [c:\users\aretter\code\rocksdb\db\column_family.cc:413] --------------- Options for column family [default]:
2022/03/29-19:45:04.540746 48ac               Options.comparator: leveldb.BytewiseComparator
2022/03/29-19:45:04.540750 48ac           Options.merge_operator: None
2022/03/29-19:45:04.540753 48ac        Options.compaction_filter: None
2022/03/29-19:45:04.540761 48ac        Options.compaction_filter_factory: None
2022/03/29-19:45:04.540765 48ac         Options.memtable_factory: SkipListFactory
2022/03/29-19:45:04.540768 48ac            Options.table_factory: BlockBasedTable
2022/03/29-19:45:04.540812 48ac            table_factory options:   flush_block_policy_factory: FlushBlockBySizePolicyFactory (0000020C634CEE10)
  cache_index_and_filter_blocks: 0
  cache_index_and_filter_blocks_with_high_priority: 0
  pin_l0_filter_and_index_blocks_in_cache: 0
  index_type: 0
  hash_index_allow_collision: 1
  checksum: 1
  no_block_cache: 0
  block_cache: 0000020C634A1AC0
  block_cache_name: LRUCache
  block_cache_options:
    capacity : 8388608
    num_shard_bits : 4
    strict_capacity_limit : 0
    high_pri_pool_ratio: 0.000
  block_cache_compressed: 0000000000000000
  persistent_cache: 0000000000000000
  block_size: 4096
  block_size_deviation: 10
  block_restart_interval: 16
  index_block_restart_interval: 1
  metadata_block_size: 4096
  partition_filters: 0
  use_delta_encoding: 1
  filter_policy: nullptr
  whole_key_filtering: 1
  verify_compression: 0
  read_amp_bytes_per_bit: 0
  format_version: 2
2022/03/29-19:45:04.540849 48ac        Options.write_buffer_size: 67108864
2022/03/29-19:45:04.540854 48ac  Options.max_write_buffer_number: 2
2022/03/29-19:45:04.540858 48ac          Options.compression: NoCompression
2022/03/29-19:45:04.540862 48ac                  Options.bottommost_compression: Disabled
2022/03/29-19:45:04.540865 48ac       Options.prefix_extractor: nullptr
2022/03/29-19:45:04.540869 48ac   Options.memtable_insert_with_hint_prefix_extractor: nullptr
2022/03/29-19:45:04.540872 48ac             Options.num_levels: 7
2022/03/29-19:45:04.540876 48ac        Options.min_write_buffer_number_to_merge: 1
2022/03/29-19:45:04.540879 48ac     Options.max_write_buffer_number_to_maintain: 0
2022/03/29-19:45:04.540882 48ac            Options.compression_opts.window_bits: -14
2022/03/29-19:45:04.540886 48ac                  Options.compression_opts.level: -1
2022/03/29-19:45:04.540889 48ac               Options.compression_opts.strategy: 0
2022/03/29-19:45:04.540893 48ac         Options.compression_opts.max_dict_bytes: 0
2022/03/29-19:45:04.540896 48ac      Options.level0_file_num_compaction_trigger: 4
2022/03/29-19:45:04.540900 48ac          Options.level0_slowdown_writes_trigger: 20
2022/03/29-19:45:04.540903 48ac              Options.level0_stop_writes_trigger: 36
2022/03/29-19:45:04.540907 48ac                   Options.target_file_size_base: 67108864
2022/03/29-19:45:04.540910 48ac             Options.target_file_size_multiplier: 1
2022/03/29-19:45:04.540913 48ac                Options.max_bytes_for_level_base: 268435456
2022/03/29-19:45:04.540917 48ac Options.level_compaction_dynamic_level_bytes: 0
2022/03/29-19:45:04.540920 48ac          Options.max_bytes_for_level_multiplier: 10.000000
2022/03/29-19:45:04.540926 48ac Options.max_bytes_for_level_multiplier_addtl[0]: 1
2022/03/29-19:45:04.540929 48ac Options.max_bytes_for_level_multiplier_addtl[1]: 1
2022/03/29-19:45:04.540933 48ac Options.max_bytes_for_level_multiplier_addtl[2]: 1
2022/03/29-19:45:04.540936 48ac Options.max_bytes_for_level_multiplier_addtl[3]: 1
2022/03/29-19:45:04.540940 48ac Options.max_bytes_for_level_multiplier_addtl[4]: 1
2022/03/29-19:45:04.540943 48ac Options.max_bytes_for_level_multiplier_addtl[5]: 1
2022/03/29-19:45:04.540947 48ac Options.max_bytes_for_level_multiplier_addtl[6]: 1
2022/03/29-19:45:04.540950 48ac       Options.max_sequential_skip_in_iterations: 8
2022/03/29-19:45:04.540954 48ac                    Options.max_compaction_bytes: 1677721600
2022/03/29-19:45:04.540957 48ac                        Options.arena_block_size: 8388608
2022/03/29-19:45:04.540960 48ac   Options.soft_pending_compaction_bytes_limit: 68719476736
2022/03/29-19:45:04.540964 48ac   Options.hard_pending_compaction_bytes_limit: 274877906944
2022/03/29-19:45:04.540967 48ac       Options.rate_limit_delay_max_milliseconds: 100
2022/03/29-19:45:04.540971 48ac                Options.disable_auto_compactions: 0
2022/03/29-19:45:04.540975 48ac                        Options.compaction_style: kCompactionStyleLevel
2022/03/29-19:45:04.540979 48ac                          Options.compaction_pri: kByCompensatedSize
2022/03/29-19:45:04.540983 48ac Options.compaction_options_universal.size_ratio: 1
2022/03/29-19:45:04.540986 48ac Options.compaction_options_universal.min_merge_width: 2
2022/03/29-19:45:04.540990 48ac Options.compaction_options_universal.max_merge_width: 4294967295
2022/03/29-19:45:04.540993 48ac Options.compaction_options_universal.max_size_amplification_percent: 200
2022/03/29-19:45:04.540997 48ac Options.compaction_options_universal.compression_size_percent: -1
2022/03/29-19:45:04.541001 48ac Options.compaction_options_universal.stop_style: kCompactionStopStyleTotalSize
2022/03/29-19:45:04.541004 48ac Options.compaction_options_fifo.max_table_files_size: 1073741824
2022/03/29-19:45:04.541008 48ac Options.compaction_options_fifo.allow_compaction: 0
2022/03/29-19:45:04.541011 48ac Options.compaction_options_fifo.ttl: 0
2022/03/29-19:45:04.541015 48ac                   Options.table_properties_collectors: 
2022/03/29-19:45:04.541018 48ac                   Options.inplace_update_support: 0
2022/03/29-19:45:04.541023 48ac                 Options.inplace_update_num_locks: 10000
2022/03/29-19:45:04.541027 48ac               Options.memtable_prefix_bloom_size_ratio: 0.000000
2022/03/29-19:45:04.541031 48ac   Options.memtable_huge_page_size: 0
2022/03/29-19:45:04.541035 48ac                           Options.bloom_locality: 0
2022/03/29-19:45:04.541038 48ac                    Options.max_successive_merges: 0
2022/03/29-19:45:04.541042 48ac                Options.optimize_filters_for_hits: 0
2022/03/29-19:45:04.541045 48ac                Options.paranoid_file_checks: 0
2022/03/29-19:45:04.541048 48ac                Options.force_consistency_checks: 0
2022/03/29-19:45:04.541052 48ac                Options.report_bg_io_stats: 0
2022/03/29-19:45:04.560862 48ac [c:\users\aretter\code\rocksdb\db\version_set.cc:3100] Recovered from manifest file:block-data/node2/MANIFEST-000092 succeeded,manifest_file_number is 92, next_file_number is 94, last_sequence is 4, log_number is 0,prev_log_number is 0,max_column_family is 0
2022/03/29-19:45:04.560878 48ac [c:\users\aretter\code\rocksdb\db\version_set.cc:3108] Column family [default] (ID 0), log number is 91
2022/03/29-19:45:04.561330 48ac EVENT_LOG_v1 {"time_micros": 1648554304561288, "job": 1, "event": "recovery_started", "log_files": [93]}
2022/03/29-19:45:04.561346 48ac [c:\users\aretter\code\rocksdb\db\db_impl_open.cc:518] Recovering log #93 mode 2
2022/03/29-19:45:04.561432 48ac [c:\users\aretter\code\rocksdb\db\version_set.cc:2608] Creating manifest 95
2022/03/29-19:45:04.601869 48ac EVENT_LOG_v1 {"time_micros": 1648554304601858, "job": 1, "event": "recovery_finished"}
2022/03/29-19:45:04.626214 48ac [c:\users\aretter\code\rocksdb\db\db_impl_open.cc:1150] DB pointer 0000020C63912410
